74 104 4 100 95 191 0
90 124 4 28 86 52 86
94 127 4 93 83 173 0
100 129 4 90 80 185 80
107 130 4 87 77 129 77
109 131 4 85 75 193 75
114 119 4 43 69 51 69
112 108 4 73 63 93 63
112 97 4 70 60 138 60
115 88 4 65 55 148 55
116 86 4 44 52 43 52
120 78 4 59 49 122 49
123 72 4 56 46 118 46
122 64 4 53 43 156 43
120 58 4 50 40 94 40
112 49 4 47 37 57 37
107 49 4 44 34 63 34
102 53 4 41 31 98 31
94 59 4 39 29 61 29
73 19 4 33 23 36 23
76 16 4 30 20 81 20
85 18 4 28 18 165 18
71 105 4 25 15 118 14
75 107 4 24 14 89 13
73 98 4 23 13 194 12
74 102 4 21 11 174 10
79 103 4 19 9 24 8
72 103 4 18 8 142 7
79 106 4 16 6 70 5
71 107 4 15 5 105 4
72 100 4 13 3 11 2
91 131 4 13 3 14 2
78 101 4 12 2 159 1
98 133 4 12 2 60 1
76 108 4 11 1 16 0
94 129 4 11 1 104 0
